1.240699038946 3.48e+07 233.779
0.9429509945598 3.66e+07 62.2621
1.1182253452412 6.15e+06 173.095
2.115171148865 3.51e+06 278.215
1.679164229064 4.47e+06 134.084
0.807564614019 1.66e+08 159.209
1.2836598429 1.56e+06 475.803
0.1014390664824 2.75e+05 165.286
0.136961610513651 2.77e+07 2233.84
0.272450630950 4.03e+05 294.051
0.19632137543003 1.21e+07 66.8813
1.464664549334 5.24e+07 1420.81
0.8327416126878 1.02e+07 132.684
2.35174493646 1.97e+05 384.381
0.06571592849324 5.37e+03 7.00361
0.630551259569 8.35e+06 149.787
0.217094 6.24e+04 653.639
0.4477084731988 2.27e+08 157.39
1.387584446262 1.7e+07 118.994
3.032071956385 7.56e+07 172.623
0.714519699726 5.53e+06 158.32
0.26920054092953 5.8e+08 39.4876
0.4441044988 5.4e+05 653.485
0.1970300980314 6.55e+06 298.212
0.156384121559 5.64e+05 65.4137
0.5945761650437 1.69e+06 557.494
0.3907150899386 8.08e+07 80.2066
0.548939223294 1.51e+06 20.2721
0.340729436235 2.28e+06 310.645
0.638565481517 1.81e+06 81.3152
0.35443759451370 7.63e+07 266.404
3.74553925030 1.48e+06 124.588
0.0333924123 1.26e+03 143.458
1.245856132914 3.42e+07 28.7575
0.14315825891177 6.18e+05 368.114
0.3959691695432 4.82e+06 172.728
0.29798232657184 7.94e+07 29.5734
0.33495996611 8.93e+04 10.7507
0.476622836038 3.78e+06 81.7016
1.24441859615 2.77e+06 70.8084
0.2370994416923 3.42e+05 161.104
1.2144405115160 5.07e+06 203.095
0.384928623365 1.11e+05 65.9901
8.391115532 1.9e+06 192.018
0.51016034483 4.26e+05 146.373
0.3749207359442 4.32e+06 105.516
0.166762291572 1.57e+05 250.539
0.214838505782 1.56e+06 186.873
1.442349479143 2.12e+07 62.4543
0.6822651758060 6.68e+06 168.098
0.547202118684 2.82e+06 633.992
1.292241446862 1.22e+08 97.759
1.2381295438682 9.32e+06 434.147
0.112799455072 1.93e+08 626.028
0.53066051169 4.92e+06 270.556
0.089328385024 1.13e+04 60.4859
1.2737682915785 2.97e+06 54.2233
0.7516254225474 3.37e+06 165.504
1.116098408825 1.1e+07 258.836
0.40162562344216 9.5e+06 202.235
0.1067690369961 1.12e+05 191.076
0.430627098928 4.97e+05 467.577
0.808164371415 3.23e+05 15.0304
1.087417728071 1.89e+08 197.507
0.5702641245619 2e+08 77.0851
1.09770570486 4.98e+06 165.112
0.2530651649482 1.75e+07 44.1857
1.386368074588 2.32e+07 151.871
0.1971146895745 5.35e+05 34.5137
1.656439759937 1.05e+07 243.748
0.943157882843 1.88e+06 21.7677
0.535786513915 3.05e+06 220.315
0.13547685441 2.85e+03 427.258
1.187913065936 5.04e+06 661.122
0.364713249166 7.02e+05 325.066
0.452803097537 3.37e+06 63.2463
0.216479797870 6.92e+05 498.76
1.3824491030388 2.28e+07 448.696
0.2554963274098 1.93e+06 257.509
0.6173076699955 2.7e+07 1584.42
0.2797376832822 4.79e+05 539.31
0.670037418386 1.87e+07 322.008
0.53269880337 2.8e+06 375.689
0.7854433453623 4.48e+06 198.608
0.179486804423 1.04e+06 291.38
0.2633769071818 4.22e+07 66.7983
0.739681922904 2.34e+06 953.725
1.124835742767 2.29e+07 168.145
1.368882242545 1.52e+07 93.4955
0.243395150846 7.95e+05 1039.7
0.709064069786 1.28e+07 250.39
0.748448416229 2.74e+07 229.924
0.329186857758 1.58e+07 583.01
0.2570560976508 4e+06 169.774
0.1926048997686 6.03e+05 301.534
0.3274185215591 5.09e+06 229.303
0.42181623358258 2.18e+07 187.582
1.2764458195155 7.84e+06 212.669
0.387689698034 3.45e+06 399.66
1.74955174610 8.66e+06 76.0111
0.8043410792712 7.36e+06 241.167
0.2989874273426 1.14e+06 320.866
0.65305397126 1.64e+06 135.335
0.102459245929 1.75e+04 165.802
0.477715343692 9.14e+07 274.799
0.4771579477894 1.17e+07 542.869
0.82982878524 8.04e+04 486.786
0.33759499958 3.56e+05 618.151
1.169340685 8.13e+03 634.354
0.4193349661853 5.47e+06 756.239
0.803050264794 8.77e+06 535.064
2.043082458401 1.42e+07 144.205
0.41370012084 3.86e+05 145.885
0.512212355130 4.74e+06 456.172
0.3674337248626 5.46e+05 58.7607
0.7423536034383 9.06e+06 196.316
0.56255763553 1.1e+06 8.47917
2.39139679486 2.42e+07 184.332
0.124924206569 1.55e+04 194.983
0.13366692025028 1.58e+04 399.68
0.16372737166367 9.01e+07 42.7133
0.082755269706 5.14e+04 845.181
0.146788548116 6.76e+04 99.4986
0.04474055970 5.58e+03 353.132
0.3870193974544 3.03e+06 509.316
0.598081935375 1.5e+06 262.409
0.7529065430494 5.26e+07 47.4
0.284054344967 1.54e+06 256.593
0.18933744109123 5.73e+05 299.689
0.769020998327 2.33e+05 21.33
0.27919830909 1.95e+05 599.01
0.1014867942076 2.14e+04 406.283
0.307132975823 8.77e+05 4211.36
0.6473255991879 1.61e+05 567.44
0.6867328372450 2.62e+05 286.482
0.085288151397 1.47e+05 677.542
0.302449584070 8.1e+05 361.936
0.16591763484 1.28e+05 958.782
0.354236507718 3.38e+06 280.964
0.56271073614 7.56e+05 612.026
1.6528618528869 1.75e+07 272.272
0.1861488579563 4.61e+05 257.916
0.381319294128 5.54e+06 340.621
0.37546337852 3.18e+06 394.136
0.597808754148 1.83e+05 166.852
0.65943205053 1.99e+06 486.888
0.3455818980725 3.67e+06 128.703
7.05520287 3.76e+06 244.476
0.6122092044383 4.74e+07 161.011
0.65545023949 1.39e+06 1312.6
1.781927762343 1.72e+07 160.305
0.673505459244 1.38e+06 140.614
0.729306960746 2.87e+06 166.277
0.1395246665887 1.87e+07 314.936
0.2672750082591 1.98e+06 66.691
1.235757452781 3.62e+07 233.604
1.01694836198 2.92e+06 600.474
0.28364211181 1.7e+06 246.101
2.232969028273 3.48e+06 154.576
0.825935803096 3.22e+06 157.951
0.5214727140817 1.03e+07 125.09
0.4045517674400 4.2e+05 475.065
0.2702544395645 1.7e+06 51.0529
0.194630982798 4.28e+05 251.201
1.27226037471 2.63e+06 347.629
1.3373021601895 1.57e+07 55.7489
0.57982281497 5.11e+05 430.375
0.2265187466568 3.1e+06 151.699
0.3587384107696 9.47e+05 210.449
0.20098020244218 4.95e+06 170.798
0.4028579088754 6.68e+06 262.255
0.4406184769108 2.9e+08 7.11115
0.959447931541 1.02e+07 546.258
0.717311174076 1.61e+06 413.948
0.0395311928548 1.07e+05 402.629
0.4266767865302 3.95e+09 101.435
0.5189379874091 5.99e+06 646.254
0.9050668203089 8.25e+06 311.889
2.11126473382 4.49e+05 254.375
0.580871337031 2e+08 118.949
0.2301936138595 4.12e+05 1218.84
0.5579534804225 5.97e+07 11.6501
0.3434021577860 2.87e+06 191.937
0.529196917808 2.74e+06 134.549
0.372619054536 2.35e+06 257.537
1.5469381168652 1.67e+07 403.158
1.1382856833155 9.89e+07 139.778
1.961572303613 2.84e+06 506.505
0.11926775831844 6.6e+09 101.848
0.8151811027646 9.64e+06 47.0452
0.2215076382770 9.51e+06 102.292
0.4148705368737 7.62e+07 168.682
1.2028517540847 7.27e+06 383.733
1.014684793189 2.25e+07 180.542
0.4401530669475 2.41e+07 1546
8.509827491 2.72e+08 122.525
0.38014034472 3.58e+07 301.763
0.3322056715409 5.21e+05 196.148
1.525265633965 7.04e+06 282.703
1.004592528853 3.21e+07 1271.72
0.5384688219194 3.09e+06 330.45
0.682542497406 1.12e+06 836.611
0.443054560638 3.11e+06 166.606
0.059767357984547 6.01e+09 153.293
0.1399345 1.44e+05 683.478
0.477233119123 1.15e+07 326.313
0.368246454342 1.01e+06 216.593
1.575886338359 8.63e+06 268.739
0.4750676748022 3.77e+07 128.239
0.3494336821331 4.93e+07 136.21
1.444653102317 2.19e+07 102.674
2.256488426824 5.08e+06 192.008
1.436309536149 8.05e+06 82.9866
0.2336519694946 1.05e+07 267.062
1.643622185327 5.62e+06 298.175
0.495369868028 4.06e+04 43.134
1.181463382967 1.37e+07 751.524
0.944783886655 9.2e+05 298.648
